(1)
0
7
7
1111111
1111111
1111111
1111111
1111111
1111111
1111111
0000000
0203030
0020300
0000000
0000000
0006000
0000000

(2)
0
7
7
1111111
1111111
1111111
1111111
1111111
1111111
1111111
0030000
0202300
0320000
0000000
0000000
0006000
0000000

(3)
0
7
7
1111111
1111111
1111111
1111111
1111111
1111111
1111111
0002000
0304430
0440320
0000000
0000000
0006000
0000000

(4)
0
5
5
11111
11111
11111
11111
11111
00000
00500
50605
05050
00000

(5)
0
5
5
11111
11111
11111
11111
11111
00000
40404
04040
00600
00000

(6)
0
5
7
11111
11111
11111
11111
11111
11111
11111
00000
00000
30303
03030
00000
00600
00000

(7)
0
7
7
1111111
1100011
1111111
1110111
1110111
1111111
1111111
0000000
0000000
0002000
0020200
0000000
0006000
0000000

(8)
0
5
5
11111
11111
11111
11111
11111
02300
03032
03020
00600
00000

(9)
0
5
5
11111
11111
11111
11111
11111
04040
40404
04040
00600
00000

(10)
0
5
7
11111
11111
11111
00100
11111
11111
11111
00340
43000
00000
00400
03040
00600
00000

(11)
0
5
5
11111
11111
11111
11111
11111
20202
02020
20262
02020
20202

(12)
0
7
7
1111111
1111111
1111111
1111111
1111111
1111111
1111111
3003003
0330330
0006000
3303303
0030030
3303303
0000000

(13)
0
4
4
1111
1111
1111
1111
4006
0404
0040
0000

(14)
0
4
4
1111
1111
1111
1111
0000
3000
0303
6030

(15)
0
4
4
1111
1111
1111
1111
0000
3633
0300
0030

(16)
0
3
8
111
111
111
111
111
111
111
111
000
040
464
040
404
404
000
000
000

(17)
0
5
5
11111
10101
11111
10101
11111
00000
00404
06040
00404
00000

(18)
0
5
7
11111
10101
11111
10101
11111
10101
11111
03030
00000
00600
00000
03030
00300
00000

(19)
0
5
7
11111
10101
11111
10101
11111
10101
11111
04040
40004
00600
40404
00000
00000
00000

(20)
1
3
5
111
111
111
111
111
030
003
046
434
040

(21)
1
5
5
11111
01110
11111
11111
11111
40004
00300
03430
04640
00000

(22)
1
6
6
111111
111111
111111
111111
111111
111111
000000
003400
030030
046030
004400
000000

(23)
1
3
7
111
111
111
111
111
111
111
000
303
030
060
303
000
000

(24)
1
4
7
1111
1111
1111
1111
1111
1111
1111
0000
4343
0000
0000
3434
0600
0000

(25)
1
3
8
111
111
111
111
111
111
111
111
000
434
030
043
000
364
000
000

(26)
1
3
9
111
111
111
111
111
111
111
111
111
404
040
040
300
030
363
030
000
000

(27)
1
7
7
1111111
1111111
1111111
0100010
1111111
1111111
1111111
3000004
0400000
6400030
0300040
0000000
0043000
0000000

(28)
1
5
5
11111
11111
11111
11111
11111
30300
00460
44344
00300
00000

(29)
1
6
6
111111
111111
000011
111111
111111
111111
230000
340300
000040
006400
040200
000000

(30)
1
7
7
1111011
1111111
1111011
1111011
0100011
1111111
1110111
3004000
0303000
0030000
0000040
0000000
0400040
0600000

(31)
1
5
8
11111
11111
11111
11111
00100
11111
11111
11111
30003
00000
03640
04040
00400
03030
00000
40004

(32)
1
7
7
0000111
0001111
0011111
0111110
1111100
1111000
1110000
0000000
0000000
0000300
0000300
0003000
0600000
3000000

(33)
1
3
10
111
111
111
111
111
111
111
111
111
111
303
040
303
030
303
030
303
630
404
040

(34)
1
7
7
1100011
1111111
1101011
0101110
1100011
1111111
1100011
0000000
0400040
0000000
0006000
0000000
0400040
0000000

(35)
2
7
7
1111000
1111000
1111011
1111111
1101111
0001111
0001111
0000000
3040000
0004000
3046300
0003000
0000004
0000000

(36)
2
7
7
1111000
1111000
1111011
1111111
1101111
0001111
0001111
0004000
4500000
0005000
0056040
0000450
0000500
0000000

(37)
2
7
7
1100000
1111110
1111010
0111110
0101111
0111111
0000111
0000000
0340030
0004000
0040030
0300440
0000000
0000000

(38)
2
7
7
1100000
1111110
1111010
0111110
0101111
0111111
0000111
3400000
4300300
0003000
0030400
0300040
0000000
0000000

(39)
2
7
7
1100000
1111110
1111010
0111110
0101111
0111111
0000111
5000000
0000050
0005000
0056000
0000500
0050500
0000000

(40)
3
9
9
111000111
111000111
111000111
111111111
001111100
111111111
111000111
111000111
111000111
000000005
005000400
050000040
000303000
000000000
000404000
005000500
030000030
000000000
